6.235459594726562500e+02 1.131431640625000000e+03 1.533232055664062500e+03
6.233123168945312500e+02 1.130916748046875000e+03 1.533895996093750000e+03
6.236709594726562500e+02 1.131524780273437500e+03 1.534278808593750000e+03
6.236478881835937500e+02 1.130667724609375000e+03 1.534123168945312500e+03
6.241091918945312500e+02 1.131809326171875000e+03 1.533007080078125000e+03
6.235394897460937500e+02 1.131411987304687500e+03 1.533241455078125000e+03
6.236190795898437500e+02 1.131570068359375000e+03 1.533342895507812500e+03
6.235936889648437500e+02 1.131606811523437500e+03 1.533122192382812500e+03
6.236315307617187500e+02 1.131405273437500000e+03 1.533503417968750000e+03
6.140946655273437500e+02 1.145855102539062500e+03 1.523146362304687500e+03
6.139618530273437500e+02 1.146114990234375000e+03 1.523094116210937500e+03
6.142200317382812500e+02 1.146136230468750000e+03 1.523235351562500000e+03
6.142897338867187500e+02 1.146098754882812500e+03 1.523244262695312500e+03
6.141204223632812500e+02 1.145808105468750000e+03 1.523176269531250000e+03
6.176705932617187500e+02 1.142070800781250000e+03 1.536953613281250000e+03
6.183091430664062500e+02 1.142015869140625000e+03 1.537088623046875000e+03
6.169852905273437500e+02 1.142219970703125000e+03 1.536062744140625000e+03
6.172391967773437500e+02 1.142051879882812500e+03 1.537320556640625000e+03
6.183533325195312500e+02 1.142028198242187500e+03 1.537146362304687500e+03
6.170906372070312500e+02 1.142262329101562500e+03 1.536072631835937500e+03
6.177526245117187500e+02 1.142079711914062500e+03 1.536925903320312500e+03
6.439309692382812500e+02 1.151674316406250000e+03 1.530677612304687500e+03
6.425658569335937500e+02 1.151880615234375000e+03 1.530412475585937500e+03
6.441309204101562500e+02 1.151143920898437500e+03 1.531296142578125000e+03
6.397911987304687500e+02 1.153803466796875000e+03 1.527747680664062500e+03
6.397909545898437500e+02 1.153787353515625000e+03 1.527756835937500000e+03
6.223541870117187500e+02 1.135986816406250000e+03 1.516442871093750000e+03
6.221104125976562500e+02 1.136036621093750000e+03 1.516377685546875000e+03
6.200130004882812500e+02 1.154017456054687500e+03 1.525889526367187500e+03
6.200103149414062500e+02 1.153902099609375000e+03 1.525855346679687500e+03
6.191036987304687500e+02 1.164136596679687500e+03 1.532466552734375000e+03
6.194044799804687500e+02 1.164192871093750000e+03 1.532902343750000000e+03
6.191221313476562500e+02 1.164110717773437500e+03 1.532518676757812500e+03
6.168710327148437500e+02 1.152122314453125000e+03 1.518549072265625000e+03
6.172141723632812500e+02 1.152077636718750000e+03 1.518247070312500000e+03
6.170132446289062500e+02 1.152147338867187500e+03 1.518450561523437500e+03
6.168515014648437500e+02 1.152114013671875000e+03 1.518525634765625000e+03
6.180809936523437500e+02 1.151024414062500000e+03 1.518053344726562500e+03
6.181950073242187500e+02 1.151061035156250000e+03 1.518154663085937500e+03
6.450023803710937500e+02 1.150272583007812500e+03 1.532776245117187500e+03
6.451618041992187500e+02 1.150099487304687500e+03 1.533075927734375000e+03
6.236920776367187500e+02 1.156424438476562500e+03 1.526129638671875000e+03
6.248128051757812500e+02 1.156346923828125000e+03 1.526430664062500000e+03
6.236830444335937500e+02 1.156429077148437500e+03 1.526146362304687500e+03
6.239104614257812500e+02 1.136354248046875000e+03 1.533381591796875000e+03
6.239373168945312500e+02 1.136168701171875000e+03 1.533386474609375000e+03
6.239077758789062500e+02 1.136295898437500000e+03 1.533369018554687500e+03
6.159794311523437500e+02 1.135021606445312500e+03 1.532877075195312500e+03
6.208193969726562500e+02 1.162824584960937500e+03 1.536308959960937500e+03
6.209352416992187500e+02 1.162867065429687500e+03 1.536223754882812500e+03
6.209689331054687500e+02 1.162835693359375000e+03 1.536197509765625000e+03
6.213977661132812500e+02 1.137760253906250000e+03 1.530461059570312500e+03
6.409286499023437500e+02 1.126997436523437500e+03 1.517003784179687500e+03
6.407980346679687500e+02 1.126883422851562500e+03 1.517012451171875000e+03
6.165974731445312500e+02 1.159239379882812500e+03 1.527666992187500000e+03
6.165131225585937500e+02 1.158420898437500000e+03 1.527428100585937500e+03
6.020474243164062500e+02 1.145429565429687500e+03 1.526526611328125000e+03
6.017506713867187500e+02 1.145430664062500000e+03 1.526924560546875000e+03
6.277565307617187500e+02 1.164360351562500000e+03 1.513693115234375000e+03
6.277151489257812500e+02 1.164153198242187500e+03 1.513427978515625000e+03
6.276935424804687500e+02 1.164467285156250000e+03 1.513692749023437500e+03
6.178493041992187500e+02 1.139298339843750000e+03 1.518151855468750000e+03
6.390974731445312500e+02 1.142364746093750000e+03 1.519975463867187500e+03
6.314553833007812500e+02 1.124681640625000000e+03 1.507816894531250000e+03
6.213311157226562500e+02 1.126863647460937500e+03 1.529628540039062500e+03
6.226109008789062500e+02 1.130778442382812500e+03 1.531394775390625000e+03
6.127262573242187500e+02 1.155228515625000000e+03 1.526377319335937500e+03
6.130223999023437500e+02 1.155120483398437500e+03 1.526417968750000000e+03
6.344262084960937500e+02 1.150234130859375000e+03 1.513375244140625000e+03
6.394325561523437500e+02 1.157045776367187500e+03 1.526566040039062500e+03
6.445656127929687500e+02 1.152210815429687500e+03 1.530404296875000000e+03
6.439979858398437500e+02 1.152123046875000000e+03 1.529975952148437500e+03
6.223185424804687500e+02 1.127959106445312500e+03 1.529620483398437500e+03
6.092737426757812500e+02 1.129297973632812500e+03 1.527144287109375000e+03
6.272947387695312500e+02 1.139236206054687500e+03 1.534045043945312500e+03
6.273174438476562500e+02 1.139168457031250000e+03 1.533991455078125000e+03
6.236369018554687500e+02 1.125250122070312500e+03 1.534880371093750000e+03
6.259522094726562500e+02 1.139770263671875000e+03 1.515638061523437500e+03
6.092459106445312500e+02 1.130687744140625000e+03 1.526447143554687500e+03
6.092318725585937500e+02 1.130151245117187500e+03 1.526864501953125000e+03
6.202145385742187500e+02 1.138490356445312500e+03 1.528573364257812500e+03
6.277190551757812500e+02 1.143823120117187500e+03 1.516890502929687500e+03
6.169696655273437500e+02 1.141792846679687500e+03 1.522354248046875000e+03
6.130508422851562500e+02 1.127317382812500000e+03 1.533166015625000000e+03
6.130599975585937500e+02 1.127394653320312500e+03 1.533119506835937500e+03
6.269182739257812500e+02 1.163151367187500000e+03 1.518326782226562500e+03
6.132046508789062500e+02 1.126257568359375000e+03 1.538454101562500000e+03
6.131763305664062500e+02 1.126340698242187500e+03 1.538470825195312500e+03
6.188617553710937500e+02 1.158913940429687500e+03 1.537596313476562500e+03
6.066050415039062500e+02 1.148192138671875000e+03 1.519349365234375000e+03
6.147555541992187500e+02 1.139751220703125000e+03 1.524587890625000000e+03
6.264552612304687500e+02 1.141937011718750000e+03 1.543057739257812500e+03
6.253973999023437500e+02 1.139632690429687500e+03 1.510208740234375000e+03
6.212466430664062500e+02 1.164039672851562500e+03 1.534201660156250000e+03
6.240090942382812500e+02 1.123507446289062500e+03 1.535191162109375000e+03
6.252719116210937500e+02 1.138240722656250000e+03 1.535137817382812500e+03
6.148908081054687500e+02 1.150853393554687500e+03 1.523053955078125000e+03
6.194785766601562500e+02 1.150270629882812500e+03 1.524391235351562500e+03
6.290087280273437500e+02 1.139083129882812500e+03 1.534193115234375000e+03
6.363867797851562500e+02 1.158281127929687500e+03 1.522350097656250000e+03
6.407994995117187500e+02 1.152675170898437500e+03 1.529845947265625000e+03
6.374603881835937500e+02 1.156563110351562500e+03 1.522529052734375000e+03
6.224385375976562500e+02 1.139861572265625000e+03 1.534125000000000000e+03
6.345762329101562500e+02 1.153784667968750000e+03 1.539520385742187500e+03
6.345652465820312500e+02 1.153802368164062500e+03 1.539467529296875000e+03
6.272095336914062500e+02 1.160514160156250000e+03 1.533343383789062500e+03
6.070330200195312500e+02 1.154596679687500000e+03 1.527347290039062500e+03
6.140870971679687500e+02 1.135777832031250000e+03 1.521898803710937500e+03
6.429487915039062500e+02 1.149000732421875000e+03 1.525195190429687500e+03
6.198547973632812500e+02 1.142005249023437500e+03 1.536700439453125000e+03
6.074965209960937500e+02 1.135927001953125000e+03 1.512689819335937500e+03
6.222011108398437500e+02 1.152255615234375000e+03 1.518903198242187500e+03
6.248158569335937500e+02 1.140605834960937500e+03 1.541137817382812500e+03
6.247468872070312500e+02 1.140684570312500000e+03 1.541251953125000000e+03
6.428207397460937500e+02 1.135456787109375000e+03 1.537438964843750000e+03
6.212190551757812500e+02 1.135203247070312500e+03 1.516385986328125000e+03
6.400021362304687500e+02 1.144982177734375000e+03 1.521900878906250000e+03
6.440191040039062500e+02 1.150267333984375000e+03 1.532594604492187500e+03
6.150299682617187500e+02 1.136088500976562500e+03 1.522148681640625000e+03
6.277012329101562500e+02 1.145418579101562500e+03 1.521338134765625000e+03
6.222427368164062500e+02 1.145906250000000000e+03 1.534882446289062500e+03
6.221130981445312500e+02 1.140430053710937500e+03 1.544610595703125000e+03
6.168848266601562500e+02 1.143263793945312500e+03 1.543439208984375000e+03
6.242322387695312500e+02 1.150058471679687500e+03 1.518080200195312500e+03
6.108458862304687500e+02 1.145865722656250000e+03 1.531651733398437500e+03
6.275591430664062500e+02 1.150140625000000000e+03 1.526454711914062500e+03
6.072056274414062500e+02 1.147271972656250000e+03 1.519698486328125000e+03
6.273137817382812500e+02 1.164054443359375000e+03 1.516984008789062500e+03
6.428585815429687500e+02 1.140337524414062500e+03 1.526863403320312500e+03
6.232661743164062500e+02 1.124764892578125000e+03 1.527775024414062500e+03
6.254696655273437500e+02 1.137093261718750000e+03 1.531147705078125000e+03
6.197853393554687500e+02 1.136009765625000000e+03 1.527335693359375000e+03
6.092311401367187500e+02 1.147708129882812500e+03 1.519348632812500000e+03
6.419524536132812500e+02 1.143447021484375000e+03 1.516216064453125000e+03
6.253143920898437500e+02 1.123017456054687500e+03 1.528937255859375000e+03
6.434047241210937500e+02 1.153067626953125000e+03 1.529729370117187500e+03
6.186585083007812500e+02 1.139701782226562500e+03 1.522803466796875000e+03
6.399585571289062500e+02 1.145197753906250000e+03 1.520555541992187500e+03
6.200360717773437500e+02 1.150862670898437500e+03 1.531165405273437500e+03
6.240238647460937500e+02 1.134256713867187500e+03 1.533466308593750000e+03
6.217398071289062500e+02 1.157674804687500000e+03 1.526660400390625000e+03
6.120513305664062500e+02 1.127381347656250000e+03 1.534909790039062500e+03
6.284944458007812500e+02 1.141023437500000000e+03 1.532130615234375000e+03
6.101596069335937500e+02 1.128463134765625000e+03 1.515936767578125000e+03
6.000053100585937500e+02 1.142740722656250000e+03 1.536909179687500000e+03
6.184995727539062500e+02 1.158467529296875000e+03 1.534561645507812500e+03
6.256651000976562500e+02 1.148287841796875000e+03 1.524594726562500000e+03
6.154483032226562500e+02 1.154798217773437500e+03 1.513382202148437500e+03
6.092496948242187500e+02 1.138512329101562500e+03 1.514623291015625000e+03
6.436286010742187500e+02 1.142337646484375000e+03 1.526284667968750000e+03
6.327753295898437500e+02 1.150147094726562500e+03 1.513292480468750000e+03
6.223309936523437500e+02 1.143084960937500000e+03 1.537227050781250000e+03
6.329801635742187500e+02 1.150820922851562500e+03 1.507714111328125000e+03
6.310825805664062500e+02 1.150714233398437500e+03 1.507220825195312500e+03
6.293297729492187500e+02 1.143463745117187500e+03 1.516625122070312500e+03
6.139928588867187500e+02 1.138689208984375000e+03 1.524817016601562500e+03
6.215632934570312500e+02 1.151913940429687500e+03 1.525788330078125000e+03
6.112526245117187500e+02 1.146944335937500000e+03 1.531050781250000000e+03
6.188609008789062500e+02 1.142174560546875000e+03 1.537938354492187500e+03
6.169702758789062500e+02 1.127541137695312500e+03 1.541313964843750000e+03
6.269497680664062500e+02 1.148187622070312500e+03 1.529418457031250000e+03
6.212897338867187500e+02 1.165006225585937500e+03 1.534348510742187500e+03
6.297888793945312500e+02 1.151609619140625000e+03 1.527852661132812500e+03
6.269043579101562500e+02 1.145092651367187500e+03 1.520491333007812500e+03
6.199562377929687500e+02 1.124271850585937500e+03 1.529223754882812500e+03
6.386618041992187500e+02 1.131323730468750000e+03 1.536584350585937500e+03
6.400707397460937500e+02 1.158425781250000000e+03 1.528005249023437500e+03
6.136409301757812500e+02 1.152741210937500000e+03 1.514074218750000000e+03
6.128462524414062500e+02 1.143728393554687500e+03 1.531568115234375000e+03
6.266532592773437500e+02 1.138039794921875000e+03 1.548419677734375000e+03
6.098778686523437500e+02 1.137097412109375000e+03 1.513175781250000000e+03
6.060875854492187500e+02 1.133561401367187500e+03 1.514850097656250000e+03
6.336619262695312500e+02 1.150460693359375000e+03 1.508920166015625000e+03
6.455910034179687500e+02 1.142519531250000000e+03 1.528112915039062500e+03
6.235066528320312500e+02 1.145615112304687500e+03 1.522774414062500000e+03
6.106321411132812500e+02 1.129042602539062500e+03 1.527675659179687500e+03
6.158934936523437500e+02 1.161019409179687500e+03 1.529319946289062500e+03
6.351807250976562500e+02 1.127916503906250000e+03 1.533690185546875000e+03
6.202387084960937500e+02 1.132858398437500000e+03 1.508978027343750000e+03
6.185676879882812500e+02 1.157985229492187500e+03 1.533829956054687500e+03
6.145995483398437500e+02 1.147492919921875000e+03 1.523626953125000000e+03
6.402020874023437500e+02 1.146516113281250000e+03 1.518940795898437500e+03
6.263259887695312500e+02 1.160361206054687500e+03 1.520062988281250000e+03
6.171736450195312500e+02 1.157244873046875000e+03 1.531151855468750000e+03
6.286616821289062500e+02 1.145492797851562500e+03 1.509340942382812500e+03
6.110795288085937500e+02 1.140875000000000000e+03 1.503195434570312500e+03
6.150945434570312500e+02 1.148357177734375000e+03 1.523838378906250000e+03
6.383357543945312500e+02 1.152037841796875000e+03 1.534680664062500000e+03
6.254375610351562500e+02 1.143519042968750000e+03 1.543545654296875000e+03
6.266209106445312500e+02 1.162625854492187500e+03 1.516623535156250000e+03
5.995728149414062500e+02 1.148152343750000000e+03 1.532118041992187500e+03
6.411845092773437500e+02 1.147364501953125000e+03 1.523955566406250000e+03
6.132346801757812500e+02 1.146307128906250000e+03 1.514033325195312500e+03
6.088609008789062500e+02 1.127614746093750000e+03 1.515243041992187500e+03
6.280568237304687500e+02 1.153779418945312500e+03 1.505826171875000000e+03
6.083700561523437500e+02 1.138268554687500000e+03 1.514111572265625000e+03
6.188848266601562500e+02 1.140102661132812500e+03 1.549220825195312500e+03
6.125703735351562500e+02 1.144923950195312500e+03 1.510424926757812500e+03
6.195565795898437500e+02 1.143201416015625000e+03 1.504940551757812500e+03
6.223161010742187500e+02 1.163579467773437500e+03 1.533395874023437500e+03
6.073956909179687500e+02 1.153863769531250000e+03 1.527933349609375000e+03
6.273981323242187500e+02 1.153168334960937500e+03 1.506009033203125000e+03
6.394332885742187500e+02 1.146703125000000000e+03 1.538808593750000000e+03
6.100740356445312500e+02 1.138821533203125000e+03 1.519845825195312500e+03
6.410288696289062500e+02 1.149052978515625000e+03 1.523807983398437500e+03
6.373869018554687500e+02 1.152315429687500000e+03 1.527008422851562500e+03
6.017756958007812500e+02 1.141010131835937500e+03 1.532096557617187500e+03
6.216078491210937500e+02 1.128076049804687500e+03 1.535587036132812500e+03
6.158536987304687500e+02 1.122395263671875000e+03 1.537658691406250000e+03
6.294968872070312500e+02 1.124795776367187500e+03 1.520648803710937500e+03
6.474596557617187500e+02 1.141365112304687500e+03 1.517846801757812500e+03
6.244159545898437500e+02 1.140654663085937500e+03 1.503328735351562500e+03
6.474848022460937500e+02 1.138636352539062500e+03 1.517162109375000000e+03
6.264149780273437500e+02 1.156826049804687500e+03 1.517758300781250000e+03
6.179743041992187500e+02 1.154993286132812500e+03 1.531872192382812500e+03
6.133352661132812500e+02 1.152011718750000000e+03 1.514142211914062500e+03
6.377979125976562500e+02 1.143219360351562500e+03 1.542569213867187500e+03
6.135162963867187500e+02 1.123798461914062500e+03 1.539272338867187500e+03
6.274651489257812500e+02 1.142352539062500000e+03 1.515301757812500000e+03
6.216958618164062500e+02 1.120130371093750000e+03 1.535491088867187500e+03
6.178079223632812500e+02 1.141271118164062500e+03 1.532640380859375000e+03
6.188994750976562500e+02 1.161070922851562500e+03 1.512224365234375000e+03
6.382527465820312500e+02 1.151766601562500000e+03 1.519645629882812500e+03
6.239971313476562500e+02 1.125071899414062500e+03 1.527232299804687500e+03
6.275505981445312500e+02 1.139241455078125000e+03 1.514855590820312500e+03
6.158660278320312500e+02 1.155445190429687500e+03 1.511288818359375000e+03
6.179424438476562500e+02 1.154461791992187500e+03 1.531577148437500000e+03
6.211412963867187500e+02 1.139912353515625000e+03 1.534365600585937500e+03
6.184765014648437500e+02 1.158664428710937500e+03 1.535833984375000000e+03
